202 362
-92
16 16
105 210
18
-1
20
5
14
-89
14 25
36 280
20
0
20
5
14
-67
22 21
50 280
20
0
20
5
14
-60
19 25
19 210
25
0
20
5
14
-59
19 27
0 210
27
0
20
5
14
-42
19 27
38 210
26
1
20
5
14
-28
15 20
58 105
20
0
20
5
14
-27
15 23
43 105
23
0
20
5
14
-10
16 21
73 105
21
0
20
5
14
32
0 0
118 280
0
0
20
5
14
33
5 20
72 210
20
2
20
5
14
34
9 8
79 210
20
2
20
5
14
35
15 19
90 210
19
0
20
5
14
36
14 25
0 315
22
0
20
5
14
37
23 21
120 210
20
0
20
5
14
38
18 21
143 210
20
1
20
5
14
40
9 26
0 245
20
0
20
5
14
41
8 26
9 245
20
0
20
5
14
42
10 10
71 245
20
0
20
5
14
43
14 14
47 245
14
1
20
5
14
44
5 9
101 245
4
1
20
5
14
45
9 4
107 245
10
0
20
5
14
46
5 4
95 245
4
1
20
5
14
47
10 21
162 210
20
-1
20
5
14
48
14 21
0 0
20
0
20
5
14
49
10 20
14 0
20
1
20
5
14
50
14 20
25 0
20
0
20
5
14
51
14 21
39 0
20
0
20
5
14
52
15 20
53 0
20
0
20
5
14
53
14 21
68 0
20
0
20
5
14
54
14 21
82 0
20
0
20
5
14
55
15 19
96 0
19
0
20
5
14
56
14 21
111 0
20
0
20
5
14
57
14 21
125 0
20
0
20
5
14
58
5 14
79 280
14
2
20
5
14
59
5 19
72 280
14
2
20
5
14
60
15 16
0 280
15
0
20
5
14
61
14 10
17 245
12
1
20
5
14
62
15 16
15 280
15
0
20
5
14
63
14 20
32 245
20
1
20
5
14
64
20 21
14 315
20
3
20
5
14
65
19 20
89 105
20
0
20
5
14
66
16 20
108 105
20
2
20
5
14
67
18 21
126 105
20
1
20
5
14
68
17 20
145 105
20
2
20
5
14
69
15 20
0 140
20
2
20
5
14
70
14 20
17 140
20
2
20
5
14
71
19 21
33 140
20
1
20
5
14
72
17 20
53 140
20
1
20
5
14
73
5 20
71 140
20
1
20
5
14
74
13 21
77 140
20
0
20
5
14
75
18 20
90 140
20
2
20
5
14
76
14 20
110 140
20
2
20
5
14
77
20 20
126 140
20
1
20
5
14
78
17 20
147 140
20
1
20
5
14
79
19 21
165 140
20
1
20
5
14
80
15 20
0 175
20
2
20
5
14
81
19 22
17 175
20
1
20
5
14
82
17 20
37 175
20
2
20
5
14
83
16 21
56 175
20
1
20
5
14
84
16 20
73 175
20
0
20
5
14
85
17 21
89 175
20
1
20
5
14
86
18 20
107 175
20
0
20
5
14
87
25 20
125 175
20
0
20
5
14
88
18 20
150 175
20
0
20
5
14
89
18 20
168 175
20
0
20
5
14
90
16 20
186 175
20
0
20
5
14
91
8 26
86 280
20
1
20
5
14
92
10 21
62 245
20
-1
20
5
14
93
8 26
95 280
20
0
20
5
14
94
13 11
81 245
20
1
20
5
14
95
15 3
103 280
-1
0
20
5
14
97
15 15
139 0
15
0
20
5
14
98
15 20
0 35
20
1
20
5
14
99
14 15
16 35
15
0
20
5
14
100
15 20
30 35
20
0
20
5
14
101
15 15
45 35
15
0
20
5
14
102
9 20
60 35
20
0
20
5
14
103
14 21
69 35
15
1
20
5
14
104
14 20
84 35
20
1
20
5
14
105
5 20
99 35
20
1
20
5
14
106
6 26
105 35
20
0
20
5
14
107
15 20
111 35
20
1
20
5
14
108
5 20
127 35
20
1
20
5
14
109
22 15
0 70
15
1
20
5
14
110
14 15
23 70
15
1
20
5
14
111
16 15
38 70
15
0
20
5
14
112
15 21
54 70
15
1
20
5
14
113
15 21
70 70
15
0
20
5
14
114
9 15
85 70
15
1
20
5
14
115
14 15
95 70
15
0
20
5
14
116
9 19
109 70
19
0
20
5
14
117
14 15
118 70
15
1
20
5
14
118
15 15
133 70
15
0
20
5
14
119
21 15
148 70
15
0
20
5
14
120
15 15
0 105
15
0
20
5
14
121
15 21
15 105
15
0
20
5
14
122
13 15
30 105
15
0
20
5
14
123
9 26
37 315
20
1
20
5
14
124
4 21
30 280
20
2
20
5
14
125
10 26
47 315
20
0
20
5
14
126
13 6
58 210
10
1
20
5
14
