115 253
-92
7 11
65 150
11
-1
12
3
8
6
-89
6 15
24 200
12
0
12
3
8
6
-67
9 13
33 200
12
0
12
3
8
9
-60
8 15
11 150
15
0
12
3
8
8
-59
8 17
0 150
17
0
12
3
8
8
-42
8 15
22 150
15
0
12
3
8
8
-28
6 12
36 75
12
0
12
3
8
6
-27
6 13
27 75
13
0
12
3
8
6
-10
7 13
45 75
13
0
12
3
8
7
32
0 0
79 200
0
0
12
3
8
3
33
3 12
42 150
12
0
12
3
8
4
34
4 5
48 150
12
1
12
3
8
5
35
6 12
56 150
12
0
12
3
8
6
36
6 15
0 225
13
0
12
3
8
6
37
10 12
74 150
12
0
12
3
8
9
38
8 12
87 150
12
0
12
3
8
8
40
4 15
0 175
12
0
12
3
8
4
41
4 15
7 175
12
0
12
3
8
4
42
4 6
48 175
12
0
12
3
8
4
43
6 9
32 175
9
0
12
3
8
6
44
3 6
70 175
3
0
12
3
8
3
45
4 3
76 175
7
0
12
3
8
4
46
3 3
64 175
3
0
12
3
8
3
47
5 12
98 150
12
-1
12
3
8
3
48
6 12
0 0
12
0
12
3
8
6
49
5 12
9 0
12
0
12
3
8
6
50
6 12
17 0
12
0
12
3
8
6
51
6 12
26 0
12
0
12
3
8
6
52
6 12
35 0
12
0
12
3
8
6
53
6 12
44 0
12
0
12
3
8
6
54
6 12
53 0
12
0
12
3
8
6
55
6 12
62 0
12
0
12
3
8
6
56
6 12
71 0
12
0
12
3
8
6
57
6 12
80 0
12
0
12
3
8
6
58
3 9
51 200
9
0
12
3
8
4
59
3 12
45 200
9
0
12
3
8
4
60
6 10
0 200
9
0
12
3
8
6
61
6 6
14 175
7
0
12
3
8
6
62
6 10
9 200
9
0
12
3
8
6
63
6 12
23 175
12
0
12
3
8
7
64
9 12
9 225
12
1
12
3
8
10
65
8 12
58 75
12
0
12
3
8
8
66
8 12
69 75
12
0
12
3
8
8
67
8 12
80 75
12
0
12
3
8
8
68
8 12
91 75
12
0
12
3
8
8
69
7 12
0 100
12
0
12
3
8
7
70
7 12
10 100
12
0
12
3
8
7
71
8 12
20 100
12
0
12
3
8
8
72
7 12
31 100
12
0
12
3
8
8
73
3 12
41 100
12
0
12
3
8
3
74
6 12
47 100
12
0
12
3
8
6
75
8 12
56 100
12
0
12
3
8
8
76
7 12
67 100
12
0
12
3
8
7
77
9 12
77 100
12
0
12
3
8
9
78
7 12
89 100
12
0
12
3
8
8
79
8 12
99 100
12
0
12
3
8
8
80
7 12
0 125
12
0
12
3
8
7
81
8 13
10 125
12
0
12
3
8
8
82
8 12
21 125
12
0
12
3
8
8
83
7 12
32 125
12
0
12
3
8
7
84
7 12
42 125
12
0
12
3
8
7
85
7 12
52 125
12
0
12
3
8
8
86
7 12
62 125
12
0
12
3
8
7
87
10 12
72 125
12
0
12
3
8
10
88
7 12
85 125
12
0
12
3
8
7
89
7 12
95 125
12
0
12
3
8
7
90
7 12
105 125
12
0
12
3
8
7
91
4 15
57 200
12
0
12
3
8
4
92
5 12
41 175
12
-1
12
3
8
3
93
3 15
64 200
12
0
12
3
8
4
94
6 6
55 175
11
0
12
3
8
6
95
6 1
70 200
-1
0
12
3
8
6
97
6 9
89 0
9
0
12
3
8
6
98
7 12
0 25
12
0
12
3
8
7
99
6 9
10 25
9
0
12
3
8
6
100
6 12
19 25
12
0
12
3
8
7
101
6 9
28 25
9
0
12
3
8
6
102
4 12
37 25
12
0
12
3
8
4
103
6 12
44 25
9
0
12
3
8
7
104
6 12
53 25
12
0
12
3
8
7
105
3 13
62 25
13
0
12
3
8
3
106
3 16
68 25
13
0
12
3
8
3
107
7 12
74 25
12
0
12
3
8
6
108
3 12
84 25
12
0
12
3
8
3
109
9 9
0 50
9
0
12
3
8
9
110
6 9
12 50
9
0
12
3
8
7
111
7 9
21 50
9
0
12
3
8
7
112
7 12
31 50
9
0
12
3
8
7
113
6 12
41 50
9
0
12
3
8
7
114
4 9
50 50
9
0
12
3
8
4
115
6 9
57 50
9
0
12
3
8
6
116
4 11
66 50
11
0
12
3
8
4
117
6 9
73 50
9
0
12
3
8
7
118
6 9
82 50
9
0
12
3
8
6
119
9 9
91 50
9
0
12
3
8
8
120
6 9
0 75
9
0
12
3
8
6
121
6 12
9 75
9
0
12
3
8
6
122
6 9
18 75
9
0
12
3
8
5
123
4 15
22 225
12
0
12
3
8
4
124
3 12
18 200
12
0
12
3
8
3
125
4 15
29 225
12
0
12
3
8
4
126
6 4
33 150
6
0
12
3
8
6
