124 251
-92
11 12
64 150
12
-89
9 15
23 200
12
-67
14 12
32 200
12
-60
12 15
12 150
15
-59
12 16
0 150
16
-42
13 15
24 150
15
-28
9 12
36 75
12
-27
9 13
27 75
13
-10
10 12
45 75
12
32
0 0
74 200
0
33
4 12
45 150
12
34
6 5
49 150
12
35
9 12
55 150
12
36
9 14
0 225
12
37
15 12
75 150
12
38
12 12
90 150
12
40
6 16
0 175
12
41
5 16
6 175
12
42
7 6
47 175
12
43
10 8
30 175
8
44
3 5
65 175
2
45
6 2
68 175
6
46
3 2
62 175
2
47
7 12
102 150
12
48
9 12
0 0
12
49
6 12
9 0
12
50
9 12
15 0
12
51
9 12
24 0
12
52
9 12
33 0
12
53
9 12
42 0
12
54
9 12
51 0
12
55
9 12
60 0
12
56
9 12
69 0
12
57
9 12
78 0
12
58
4 8
50 200
8
59
4 11
46 200
8
60
10 9
0 200
9
61
10 6
11 175
7
62
10 9
10 200
9
63
9 12
21 175
12
64
14 12
9 225
12
65
12 12
55 75
12
66
11 12
67 75
12
67
12 12
78 75
12
68
11 12
90 75
12
69
10 12
0 100
12
70
9 12
10 100
12
71
12 12
19 100
12
72
10 12
31 100
12
73
3 12
41 100
12
74
9 12
44 100
12
75
12 12
53 100
12
76
9 12
65 100
12
77
12 12
74 100
12
78
10 12
86 100
12
79
13 12
96 100
12
80
10 12
0 125
12
81
13 13
10 125
12
82
11 12
23 125
12
83
11 12
34 125
12
84
10 12
45 125
12
85
10 12
55 125
12
86
11 12
65 125
12
87
16 12
76 125
12
88
11 12
92 125
12
89
11 12
103 125
12
90
10 12
114 125
12
91
5 15
54 200
12
92
7 12
40 175
12
93
5 15
59 200
12
94
8 6
54 175
12
95
10 1
64 200
-1
97
9 9
87 0
9
98
9 12
0 25
12
99
9 9
9 25
9
100
10 12
18 25
12
101
9 9
28 25
9
102
6 12
37 25
12
103
10 13
43 25
9
104
9 12
53 25
12
105
3 12
62 25
12
106
4 16
65 25
12
107
9 12
69 25
12
108
3 12
78 25
12
109
13 9
0 50
9
110
9 9
13 50
9
111
10 9
22 50
9
112
9 12
32 50
9
113
10 12
41 50
9
114
6 9
51 50
9
115
9 9
57 50
9
116
6 12
66 50
12
117
9 9
72 50
9
118
10 9
81 50
9
119
13 9
91 50
9
120
10 9
0 75
9
121
9 13
10 75
9
122
8 9
19 75
9
124
3 12
20 200
12
126
8 5
37 150
7
