88 159
-92
8 8
43 90
9
-89
6 12
17 120
10
-67
9 10
23 120
10
-60
8 13
8 90
13
-59
8 13
0 90
13
-42
9 13
16 90
13
-28
6 11
25 45
11
-27
6 11
19 45
11
-10
7 10
31 45
10
32
0 0
50 120
0
33
2 10
31 90
10
34
4 4
33 90
10
35
6 10
37 90
10
36
6 13
0 135
11
37
10 10
51 90
10
38
8 10
61 90
10
40
4 13
0 105
10
41
4 13
4 105
10
42
5 5
34 105
10
43
7 7
22 105
7
44
3 4
48 105
2
45
4 2
51 105
5
46
3 2
45 105
2
47
5 10
69 90
10
48
6 11
0 0
11
49
5 10
6 0
10
50
6 11
11 0
11
51
6 11
17 0
11
52
6 10
23 0
10
53
6 10
29 0
10
54
6 11
35 0
11
55
6 10
41 0
10
56
6 11
47 0
11
57
6 11
53 0
11
58
2 7
34 120
7
59
2 9
32 120
7
60
7 7
0 120
7
61
7 5
8 105
6
62
7 7
7 120
7
63
7 10
15 105
10
64
9 10
6 135
10
65
8 10
38 45
10
66
8 10
46 45
10
67
8 10
54 45
10
68
8 10
62 45
10
69
7 10
0 60
10
70
7 10
7 60
10
71
8 10
14 60
10
72
8 10
22 60
10
73
3 10
30 60
10
74
6 10
33 60
10
75
9 10
39 60
10
76
7 10
48 60
10
77
9 10
55 60
10
78
8 10
64 60
10
79
9 10
72 60
10
80
7 10
0 75
10
81
9 11
7 75
10
82
8 10
16 75
10
83
7 10
24 75
10
84
7 10
31 75
10
85
8 10
38 75
10
86
8 10
46 75
10
87
11 10
54 75
10
88
8 10
65 75
10
89
8 10
73 75
10
90
7 10
81 75
10
91
4 12
36 120
10
92
5 10
29 105
10
93
3 12
40 120
10
94
6 5
39 105
10
95
7 1
43 120
-1
97
6 7
59 0
7
98
7 10
0 15
10
99
6 7
7 15
7
100
7 10
13 15
10
101
6 7
20 15
7
102
4 10
26 15
10
103
7 10
30 15
7
104
7 10
37 15
10
105
3 10
44 15
10
106
3 13
47 15
10
107
7 10
50 15
10
108
3 10
57 15
10
109
10 7
0 30
7
110
7 7
10 30
7
111
7 7
17 30
7
112
7 10
24 30
7
113
7 10
31 30
7
114
5 7
38 30
7
115
6 7
43 30
7
116
4 9
49 30
9
117
7 7
53 30
7
118
7 7
60 30
7
119
9 7
67 30
7
120
7 7
0 45
7
121
6 10
7 45
7
122
6 7
13 45
7
124
3 10
14 120
10
126
6 5
25 90
6
